140225201103100048
1528460
350122201102050135
350122201105200194
350122201108080300
35018120101029022X
350203201101293625
350203201102272316
350305201105050071
350322201011016530
350423201009222513
350423201104061025
35050019771024101X
350501201009201023
350501201011021013
350502200909040511
350502201009080512
350502201009110515
35050220100912102X
350502201009230517
350502201010020525
350502201010071517
350502201010120526
350502201010130046
350502201010130513
350502201010180529
350502201010210513
350502201010272511
350502201010310514
35050220101103251X
350502201011108529
350502201011201512
350502201012200028
350502201012250519
350502201101030526
35050220110107051X
350502201101101021
350502201101161040
350502201101181017
350502201101221015
350502201101231010
350502201101263522
350502201102050537
350502201102052516
350502201102090520
35050220110209154X
350502201102100514
350502201102170520
350502201102213025
350502201103020014
350502201103050520
350502201103060518
350502201103063516
350502201103130512
350502201103151014
350502201103220518
350502201103280510
350502201104010029
350502201104022011
350502201104081011
350502201104112025
350502201104113511
350502201104230523
35050220110430051X
35050220110501251X
350502201105071034
350502201105080512
350502201105130516
35050220110514001X
350502201105150533
350502201105252513
350502201105301522
350502201106210526
350502201106250018
350502201106272014
350502201107050544
350502201107121015
350502201107151038
350502201107240524
350502201107300515
350502201108020523
350502201108080526
35050220110813052X
350502201108162011
350502201108210511
350502201108303515
350503201009190021
350503201009243314
350503201010083020
350503201011030035
350503201011252017
350503201101243325
350503201103032011
350503201103162019
350503201104111037
350503201106190015
35050320110707151X
35050320110714052X
350503201108230519
350504201010181532
35050420101028251X
350504201011271521
350504201101101016
350504201101232024
350504201104162025
350504201104212010
35050420110628101X
350504201107221019
35050520101031555X
350505201011048035
350505201102196316
350505201105048028
350505201106038075
350521201011256360
350521201102149245
350521201108261174
350524201101268380
350524201107120029
350524201108252015
350525201009294021
350525201011266257
350525201012240024
35052520110125222X
350525201101290824
350525201103071019
350525201103253533
350525201108071616
350525201108093532
35052620100923202X
350526201106106519
350526201107297513
350581201009114511
350582195912251019
350582201009171053
350582201011021046
350582201011262093
350582201012181017
350582201101141017
350582201102111039
350582201103292054
350582201104041011
350582201104041038
350582201104050014
350582201104071018
350582201107270514
350582201108031056
350582201108291069
350583198505247717
35058320100903221X
350583201009140739
350583201009173426
350583201010053149
350583201010213456
350583201010219233
350583201010293767
350583201011163147
350583201101145444
350583201102064937
350583201102193747
350583201103232285
350583201104014351
350583201105263157
350583201106183466
350583201107118949
350583201107163416
350583201107211334
350583201107232629
350583201107282634
350583201108051846
35058320110813342X
350623201108193034
350681201101203010
35098220101229008X
361127201104214556
410104201010280033
42068420101111605X
420984201107061029
430321201101210170
440103201101227421
440923201101231243
520402201012270188
530302201011191820
EA6939880
H10375076
S392410
S418457
S420238
S426860
S427547
S431545
S455695
S456905
S457298
S471290
S472914
S475995
