15160654911
16010102
16010113
16010116
16010117
16010119
16010122
16010123
16010124
16010125
16010130
16010203
16010204
16010206
16010207
16010208
16010210
16010212
16010214
16010216
16010217
16010218
16010219
16010222
16010224
16010227
16010229
16010230
16010231
16010232
16010304
16010305
16010308
16010309
16010315
16010316
16010317
16010319
16010323
16010325
16010326
16010328
16010330
16010331
16010403
16010404
16010405
16010407
16010408
16010409
16010412
16010416
16010418
16010419
16010421
16010423
16010424
16010425
16010426
16010427
16010502
16010503
16010504
16010505
16010506
16010510
16010512
16010515
16010517
16010521
16010525
16010526
16010528
16010530
16010532
16010601
16010609
16010612
16010615
16010618
16010621
16010623
16010626
16010628
16010629
16010633
16010634
16010705
16010707
16010710
16010713
16010715
16010716
16010718
16010721
16010725
16010728
16010729
16010734
G350402197506035027
G350430199885187001
G350430199885187002
G350430199885187003
G350430199885187004
G350430199885187005
G350430199885187006
